-3.777112891949848716e+01
-9.234854099984335818e+00
-1.703292527137453494e+00
-2.021861486795716589e-01
-1.044257494730279311e-02
0.000000000000000000e+00
-1.410596136965349531e-06
-7.735527202713276371e-07
-1.160329080406991667e-06
-5.642384547861500615e-06
1.553728050987188093e-03
6.265544968381704660e-02
7.076515203785048724e-01
4.542113405699881312e+00
2.077842172496479733e+01
7.554225783899701696e+01
2.323026494044023877e+02
6.285489122334200829e+02
1.536926717466266155e+03
3.461442596124379634e+03
7.282051472568018653e+03
1.446395529423052358e+04
2.735126249724360241e+04
4.956828791620435368e+04
8.655571081136396970e+04
1.462730549479409237e+05
2.401035091200810857e+05
3.840019691661901888e+05
5.999323533729786286e+05
