-2.478944447332685819e+00
-3.029261039720709259e-01
-1.240195044204073227e-02
3.832027686598057491e-04
-4.091963851878687466e-05
0.000000000000000000e+00
1.350449608684539694e-05
-3.365970265255064308e-05
1.062590613149143819e-04
-5.620150351986467506e-04
4.507171722423071458e-02
6.559827250946758115e-01
4.448600941371710249e+00
2.052808997014099646e+01
7.417817559520624116e+01
2.255839447072745543e+02
6.027561565605971055e+02
1.455492289423332522e+03
3.239108787000449411e+03
6.738810770483519264e+03
1.324792984371812418e+04
2.481585754077724414e+04
4.458433144718706171e+04
7.723379306817143515e+04
1.295648311195610440e+05
2.112432510794549598e+05
3.357410715613258071e+05
5.215097403520180960e+05
7.934260878010211745e+05
