1.036910720740090580e-01
8.790839526853895525e-03
1.912603092453163747e-04
-4.115382985334615731e-07
-1.528316464009428483e-07
-1.366479134441126315e-07
-3.566071749355358539e-07
-3.703844686801268719e-06
-2.103863401698487061e-03
-3.809363794970026251e-02
-3.110732162220273267e-01
-1.655143481258150029e+00
-6.683628699569704956e+00
-2.221338584661331694e+01
-6.382062440650399537e+01
-1.637022807347222226e+02
-3.833863649916648342e+02
-8.332548262422470771e+02
-1.701313362572409915e+03
-3.294164237997299097e+03
-6.093710556528030793e+03
-1.083374358602450229e+04
-1.860123862039028609e+04
-3.096790951826277524e+04
-5.015834745961706358e+04
-7.926189561863514245e+04
-1.224962883617951156e+05
-1.855320112444025290e+05
-2.758873164967281627e+05
