-2.391302640602695174e+05
-1.161091375241357309e+05
-5.280905494936611649e+04
-2.219547886824638772e+04
-8.462208260111648997e+03
-2.850314292978444428e+03
-8.150098756225984289e+02
-1.852699868251666260e+02
-2.958383096158676295e+01
-2.437799869487946580e+00
0.000000000000000000e+00
-2.731235508282216489e-03
1.220556404149605954e-03
-7.088324458881222747e-04
4.875227682126401468e-04
0.000000000000000000e+00
-5.170307252360495202e-03
1.694654801400253263e-01
6.268080230910027417e+00
5.741330161960073752e+01
3.132213508767526946e+02
1.263999232329504366e+03
4.162091697814984400e+03
1.181407390296611811e+04
2.992246001697796964e+04
6.922191854376229458e+04
1.487186517603904649e+05
3.004126094784034649e+05
5.759605662849469809e+05
